1664550924133906277337620699266000956745083017824034506452064738164469282340
10354868684548965095066694748153098904625301250163731791179571474453978796661
8443445106826291166593432052914671469302685719248781177292214212560572503186
21199378287804737415238689510393434210778277014062406985798002773948617408867
18113510220427010538932593787165790120887552743721057051348924752191063618255
3496283299451784612599663161688543625287555606869500649815925011982151485209
19104056730028118092804582459098693586725236634321604939268719155062934447388
21793882614003010001168705177726260604807941675547228583581212924952540511018
6657403092062984785327860879046090488977897974415094056560007149885358842784
14764748569386189542825683833555983285378066716185234819906294166261250224400
18675824884249447619689640332192958739718673389408104712731436767656822635691
21124207892469803248491535622035517245623094867331472238387927269674674731743
15697656846382420304551235425198980238651422635766480023176238096379840509951
20968423705325393514506861596720401573973450785106880648886252842521327172632
