1664550924133906277337620699266000956745083017824034506452064738164469282340
10354868684548965095066694748153098904625301250163731791179571474453978796661
21199378287804737415238689510393434210778277014062406985798002773948617408867
18113510220427010538932593787165790120887552743721057051348924752191063618255
3496283299451784612599663161688543625287555606869500649815925011982151485209
19104056730028118092804582459098693586725236634321604939268719155062934447388
21793882614003010001168705177726260604807941675547228583581212924952540511018
6657403092062984785327860879046090488977897974415094056560007149885358842784
14764748569386189542825683833555983285378066716185234819906294166261250224400
18675824884249447619689640332192958739718673389408104712731436767656822635691
21124207892469803248491535622035517245623094867331472238387927269674674731743
15697656846382420304551235425198980238651422635766480023176238096379840509951
20968423705325393514506861596720401573973450785106880648886252842521327172632
0
0
0
14892668486311728312721585331817188570334199457870519531766998646135127933510
10279770048458095783099484148948998214723474213046141218738292255066613255342
12227966099764834752112554748320936876087671500966290310144382999343628315081
8041416019523855079423576704826093336577402798722879298917385198414318917304
8348915223801218957039144290195452361096999536268918519612122599607556800685
7757056789834210956370592358930093468645758901313647052237341422220144474428
1371660510313337904021178668706374668617954396763002892550026851988512224163
14744269619966411208579211824598458697587494354926760081771325075741142829156
14349260113390116354128830781727108866893258765958956204787777640756186868281
428169528923443768206727381074301862271687636932868637595293977029028924146
7301527177319912777846748375640419806728391865147857094364394901804983540531
7833913646516481660416256367658933204955157102029381316979373377955150206890
11896261009364571558956445890178215513052365501118511673556485307829837488547
13893894038693901039072364672858442124624830321394553350782382512800231481255
21168487630279090147732326370348097985849464734782656272333316108534350664214
