11292736818424784575243568511735887067011905435336760477298484468006381209310
9547414064763209125368223456225950678465182829361251073040138998093758145059
2472250386559803101791339886867009946230031582019474322416347017400403862698
21198093254264841221489419715763205185585866152112345022947111029785080021622
4526022536787438412630008972885666570893258498610709818537628492301032241572
13317940959302679382764349662529738604378298932962959050154924859707646892344
10305224240031605848838366385948041885701133815485076344302096646679564637640
4070591062536824725024709810625886559871000806587115371205404962738372965250
14533907852718225902612774169914771472594100236461438867940448105552370097328
20622279064497479144974632093441860851674748756483723348607086135929465141541
2590263126922379253713627232929174005770230537020470127426579143843684758258
3762972242807264277179355557012080552666293331185423835876675166313022555076
17385544591344021864463959025137336790587067361690484078793405774047369649373
1791796550306610088483685905416945348423776956517919876440262008100072368190
16176277044982650593730567947199054279324984669764348774273972971010870853531
15019379943521734836005677210938479209782854369846591038638173317494708078126
15337770835235219349514558018267597533886346633914855943677572353224653537112
18731725582144400592158341808892736714640263584482855422433769966360889119158
9666591695858464664576269731414748874070232452733750176010803116041501093170
6130895590887850543548160122350250578389697371909339795403295857805323501830
10459936460027411779908210704910212089256124162021630626059540404482875563236
12086629429768520712893051746639172214005280520004378191840319496039960820412
4267369625844044161346171988786051463853149339007642265729069278486583207077
3047459035573081926228887207223022796660484797411541596471548508726114200675
13972983452233965652354363733381970307756404712418747321972915065037946204609
3548243395825308702589458240687758289830774497084031171395635197762496689607
128158364614982508974811180163418035803848368992825991545332406647203521164
18049126369145908347592662744163083100439681748292337024016388380096899838823
9321878309427772406875068932646757733870621708874686035771183272487586074120
15052837510855106568265933605629697390165668791187315577564652758937035692520
11879178115090044482236079071282915582478760430641828211890424175414346003543
3642979435654498512905656699250972268940854485884708348388690163535433431562
15983262300315941038164303659270889324761822555232571940464188440387067116866
4663743706981206460726635014244323642970758622859328721685060531635804979615
7622109957207123372878963620500662911435828264459400369610921190820461136180
10653304671748432902983792196518194724292626614536886931129972836846489757373
18028426341189612536027661267885405258137006331420318838518770518152576198583
21366865341148763542156230500941418626718634667587405125315493458378813187956
5031465227220585325640538614026492411115746715735073707992336020617364972093
0
0
0
0
0
0
0
0
0
0
0
0
0
0
0
0
0
0
0
0
0
0
0
0
0
11067023111984611800132190972918868079227565132412163789581629911391997651340
1076225297922083031653772700177984702524416366137103800859297160754323333535
15246302798333163573515288605021006800351762840449639021196858242748645771820
19626325659134265991930520171183725517992251638787601507378423174488353883504
8959263247986071238753130026192018771330687074884400310648963610417661863946
2880435523953315619816480893652447580660180488311824915497701059962328705792
15788794748027071975117182682164713746187009175620301529619094465983269899983
1223472666161822871344142766097407229131263576568181481930032586633957092913
11434948255638630057396015077402737996792112626498331793827090506419400975591
15496669591054896625133915122649552991122249593671320757677017245906261631845
4679271207476745573514722165682327074085999536136639757132194825020059835339
16849264525629522855842163860928782405430372250290974633251573782880128449105
10669288670476098215680417584069977571372960701558295674355850791731091077992
15550208221231754953773936761730709136231468608909728740231256154071896574861
14592302417633337643639877831312617380356726045543472678204937470757727415763
10589875376842000364623539396503751890174047544143826553542053173027753202845
16757005756674065820581082291556885451563690763310510996679473800375153254059
6470569712451240647160969836017995078747853391533190869596870931376789494356
19764613573359011807920932010761016889581540583376664251884628957648941294178
18401344106256274561201282413267727871036518898877043284196066802094605720952
14744269619966411208579211824598458697587494354926760081771325075741142829156
14744269619966411208579211824598458697587494354926760081771325075741142829156
14744269619966411208579211824598458697587494354926760081771325075741142829156
14744269619966411208579211824598458697587494354926760081771325075741142829156
14744269619966411208579211824598458697587494354926760081771325075741142829156
14744269619966411208579211824598458697587494354926760081771325075741142829156
14744269619966411208579211824598458697587494354926760081771325075741142829156
14744269619966411208579211824598458697587494354926760081771325075741142829156
14744269619966411208579211824598458697587494354926760081771325075741142829156
14744269619966411208579211824598458697587494354926760081771325075741142829156
14744269619966411208579211824598458697587494354926760081771325075741142829156
14744269619966411208579211824598458697587494354926760081771325075741142829156
13054808751254752501454287205481632260987351368402405054440800491591612352176
19540697848231225024371729539667537635565505207296096421249681157815079602789
325670543433885845797819085241400198828246543567489325993554217100116649272
2302013044117653437802622299566100495077016140285042654973723626415513677684
20081906652904667961591298754097123403368344411081979692933331783922793439787
19588324482036951981933992640960606333671191650172463322799556514803102674576
7452063247108545467758125476865815698720277613109248509519916132441495118292
4931934507842911246537044317757328235345340095640342522137843112280572889232
12149692985509954619117602389228639587393423488379201879675801547617973340044
14074283847515996554730035165240250737835435642972756746055738879642917560612
7423237065226347324353380772367382631490014989348495481811164164159255474657
7423237065226347324353380772367382631490014989348495481811164164159255474657
7423237065226347324353380772367382631490014989348495481811164164159255474657
7423237065226347324353380772367382631490014989348495481811164164159255474657
7423237065226347324353380772367382631490014989348495481811164164159255474657
7423237065226347324353380772367382631490014989348495481811164164159255474657
16070472755752214786363143510994733527775637205947675204309918940618174594298
13216232020756421848769052786430320464235433666476788677497244025200994168364
21544520834406763918728543871729139687345225828310185383368903180741143753015
3226507827844993354412359344241766317814258159437754658168405448456202100954
18499884091887901052833488844538290283441799867159220575569529013459610732027
11286972368698509976183087595462810875513684078608517520839298933882497716792
11286972368698509976183087595462810875513684078608517520839298933882497716792
11286972368698509976183087595462810875513684078608517520839298933882497716792
13696208670612119421252193689879959693832568486610823241137268724650907133609
3917774837436973039837958469903963081276216641963285931816476808544643797528
20916113957482674977615022804148067382647328378406933225294083864608232927883
3607627140608796879659380071776844901612302623152076817094415224584923813162
13776020719865691655156509464066981588544697270839748463380980221508455264030
16554308695190466079693756939890848790428804837946709070960437809401415889474
16347197359927348727598113005157549791027876666228976621804864137477253164666
