1664550924133906277337620699266000956745083017824034506452064738164469282340
10354868684548965095066694748153098904625301250163731791179571474453978796661
8443445106826291166593432052914671469302685719248781177292214212560572503186
21199378287804737415238689510393434210778277014062406985798002773948617408867
18113510220427010538932593787165790120887552743721057051348924752191063618255
3496283299451784612599663161688543625287555606869500649815925011982151485209
19104056730028118092804582459098693586725236634321604939268719155062934447388
21793882614003010001168705177726260604807941675547228583581212924952540511018
6657403092062984785327860879046090488977897974415094056560007149885358842784
14764748569386189542825683833555983285378066716185234819906294166261250224400
18675824884249447619689640332192958739718673389408104712731436767656822635691
21124207892469803248491535622035517245623094867331472238387927269674674731743
15697656846382420304551235425198980238651422635766480023176238096379840509951
20968423705325393514506861596720401573973450785106880648886252842521327172632
0
0
14892668486311728312721585331817188570334199457870519531766998646135127933510
1749501680738925226458287049396504709088565743054642432474355511209449444510
8804081345833785323336078116974885044452634726873245501333474490255087052601
9503019639078808841390999752381319022688761102414226555395262426425653513459
11484199499412312489595396077584195559341475222470521636151599851844065108684
4861331874692277322957088219283668353174487718663238443985923264044464263131
17910606619592128635862444865193725500062513179386558755944894111740953110512
14744269619966411208579211824598458697587494354926760081771325075741142829156
19725351139809815318951120716776335467675798782906504459137610827762301863017
12852959325850711859401348804793711871710627738612580336566729439775522296107
1873872378568300191463027862131242327684735937843222083520107977504683634988
20719296419406197239456964609980759981791846022951325830102652918061600537542
16311727591998502700744252112991182066591459024128300093665079409915426336038
4129627804321709517314761797833947729168949660076508014341266556414926978672
18765087434070279118326479840333070550893160322590316806400066067763149452870
