4781864856481203370453315301464517377971378398950887571713468839298434863867
16637702493282729928577205505148600633230442497891392997320157411944881196567
18113510220427010538932593787165790120887552743721057051348924752191063618255
18113510220427010538932593787165790120887552743721057051348924752191063618255
3496283299451784612599663161688543625287555606869500649815925011982151485209
19104056730028118092804582459098693586725236634321604939268719155062934447388
16723715411950102736790281252459519867480542858585448282215867861999538404
9705079277194362869580609909871217829895782357447534632552510573812753019279
18132641027182625454221467505178546979036878414027284337315400180443994661273
18132641027182625454221467505178546979036878414027284337315400180443994661273
757890508764612814722626961281122190850388211248501699792518279221088527472
15697656846382420304551235425198980238651422635766480023176238096379840509951
2024932719115788296858854535105411817141814630136129177958768604054453127036
0
0
0
5616671992449746077694166368447191036823773365149107495065859875496332370819
18471018977656823667079015445724572333712668692448861711907601963835180365930
12227966099764834752112554748320936876087671500966290310144382999343628315081
2302300151195974982522429666520649357710078062837795771629978223858472811990
15328152148179105097919413214695681220638008061705049246725483359888957932249
3123892358759115689390701338742337838053303721968898967934616370626296360699
19324223483889608170292743641523653011880011653419815168490141249047866871082
14744269619966411208579211824598458697587494354926760081771325075741142829156
18377165256842917710411002083766441631359366756162719812146569077097815700418
3319279884286270561316680481663845984588214198568399214390878580477252385463
21451892431165748308920871572332782261319041122323463406172819956257777197244
6027642639117600161834982353841036967287300170887800888135229382405514992359
4208020689135317925376776854015663007969847897203965031433547177610038941493
10091177504868125643748693798139067787043001133579035076471353719276982679617
16285560178628420240005863367283547344554127134945308440186142956709373246771
