0 1
2 6e8
19 108
20 4
21 9
22 dc
31 7c
40 54
49 90
58 ae
67 b
76 8a
85 c7
94 ec
103 8d
112 10
121 f1
130 2e
139 15
148 dd
157 bd
166 da
175 de
184 21
193 bd
202 36
211 d8
220 41
229 95
238 97
247 fc
256 9a
265 3b
274 d1
283 cd
292 ec
301 11
310 55
319 94
328 b
337 6a
346 0
355 0
364 0
373 0
382 0
391 0
400 0
409 0
418 0
427 0
436 0
445 0
454 0
463 0
472 0
481 0
490 0
499 0
508 0
517 0
526 0
535 0
544 0
553 0
562 0
571 0
580 0
589 0
598 0
607 0
616 0
625 0
634 0
643 0
652 0
661 0
670 0
679 0
688 0
697 0
706 0
715 0
724 0
733 0
742 0
751 0
760 0
769 0
778 0
787 0
796 0
805 0
814 0
823 0
832 0
841 0
850 0
859 0
868 0
877 0
886 0
895 0
904 0
913 0
922 0
931 0
940 0
949 0
958 0
967 0
976 0
985 0
994 0
1003 0
1012 0
1021 0
1030 0
1039 0
1048 0
1057 0
1066 0
1075 0
1084 0
1093 0
1102 0
1111 0
1120 0
1129 0
1138 0
1147 0
1156 0
1165 0
1174 0
1183 0
1192 0
1201 0
1210 0
1219 0
1228 0
1237 0
1246 0
1255 0
1264 0
1273 0
1282 0
1291 0
1300 0
1309 0
1318 0
1327 0
1336 0
1345 0
1354 0
1363 0
1372 0
1381 0
1390 0
1399 0
1408 0
1417 0
1426 0
1435 0
1444 0
1453 0
1462 82
1471 c2
1480 a6
1489 c9
1498 56
1507 de
1516 6d
1525 7b
1534 dd
1543 f9
1552 dc
1561 3a
1570 27
1579 e7
1588 46
1597 a8
1606 d3
1615 ba
1624 24
1633 92
1642 32
1651 1b
1660 bf
1669 40
1678 46
1687 d7
1696 c6
1705 8
1714 6b
1723 2a
1732 9b
1741 c7
1750 31
1759 d5
1768 de
1777 27
1786 2f
1787 66
1788 75
1789 6e
1790 63
1791 74
1792 69
1793 6f
1794 6e
1795 d
1796 a
1797 0
1798 0
1799 0
1800 0
1801 0
1802 0
1803 0
1804 0
1805 0
