0 1
2 6e8
19 108
20 4
21 9
22 e4
31 ad
40 59
49 ce
58 1b
67 84
76 fa
85 f0
94 11
103 50
112 1e
121 59
130 ba
139 79
148 d7
157 24
166 a3
175 a7
184 c2
193 5b
202 c3
211 50
220 df
229 f2
238 cf
247 6d
256 3e
265 eb
274 76
283 1d
292 e1
301 93
310 1d
319 61
328 c
337 fb
346 0
355 0
364 0
373 0
382 0
391 0
400 0
409 0
418 0
427 0
436 0
445 0
454 0
463 0
472 0
481 0
490 0
499 0
508 0
517 0
526 0
535 0
544 0
553 0
562 0
571 0
580 0
589 0
598 0
607 0
616 0
625 0
634 0
643 0
652 0
661 0
670 0
679 0
688 0
697 0
706 0
715 0
724 0
733 0
742 0
751 0
760 0
769 0
778 0
787 0
796 0
805 0
814 0
823 0
832 0
841 0
850 0
859 0
868 0
877 0
886 0
895 0
904 0
913 0
922 0
931 0
940 0
949 0
958 0
967 0
976 0
985 0
994 0
1003 0
1012 0
1021 0
1030 0
1039 0
1048 0
1057 0
1066 0
1075 0
1084 0
1093 0
1102 0
1111 0
1120 0
1129 0
1138 0
1147 0
1156 0
1165 0
1174 0
1183 0
1192 0
1201 0
1210 0
1219 0
1228 0
1237 0
1246 0
1255 0
1264 0
1273 0
1282 0
1291 0
1300 0
1309 0
1318 0
1327 0
1336 0
1345 0
1354 0
1363 0
1372 0
1381 0
1390 0
1399 0
1408 0
1417 0
1426 0
1435 0
1444 0
1453 0
1462 6d
1471 ed
1480 18
1489 43
1498 37
1507 50
1516 3b
1525 5a
1534 4c
1543 ba
1552 9b
1561 51
1570 6f
1579 da
1588 d3
1597 c4
1606 81
1615 ae
1624 80
1633 34
1642 c5
1651 8a
1660 8a
1669 21
1678 f9
1687 fa
1696 6b
1705 bf
1714 4a
1723 44
1732 bf
1741 87
1750 93
1759 f0
1768 e
1777 c1
1786 2f
1787 66
1788 75
1789 6e
1790 63
1791 74
1792 69
1793 6f
1794 6e
1795 d
1796 a
1797 0
1798 0
1799 0
1800 0
1801 0
1802 0
1803 0
1804 0
1805 0
