0 1
2 6e8
19 108
20 4
21 7
22 297ca9c14951fbaad217dc76566893385ae3ed90b54baf41c6ba205e35a0b646
23 ff
32 74
41 8c
50 b9
59 c1
68 fd
77 66
86 7
95 31
104 7a
113 c4
122 50
131 f6
140 90
149 f4
158 17
167 84
176 10
185 71
194 1a
203 74
212 ee
221 1b
230 84
239 9f
248 10
257 e
266 25
275 83
284 b
293 6b
302 be
311 4b
320 85
329 5f
338 ae
347 0
356 0
365 0
374 0
383 0
392 0
401 0
410 0
419 0
428 0
437 0
446 0
455 0
464 0
473 0
482 0
491 0
500 0
509 0
518 0
527 0
536 0
545 0
554 0
563 0
572 0
581 0
590 0
599 0
608 0
617 0
626 0
635 0
644 0
653 0
662 0
671 0
680 0
689 0
698 0
707 0
716 0
725 0
734 0
743 0
752 0
761 0
770 0
779 0
788 0
797 0
806 0
815 0
824 0
833 0
842 0
851 0
860 0
869 0
878 0
887 0
896 0
905 0
914 0
923 0
932 0
941 0
950 0
959 0
968 0
977 0
986 0
995 0
1004 0
1013 0
1022 0
1031 0
1040 0
1049 0
1058 0
1067 0
1076 0
1085 0
1094 0
1103 0
1112 0
1121 0
1130 0
1139 0
1148 0
1157 0
1166 0
1175 0
1184 0
1193 0
1202 0
1211 0
1220 0
1229 0
1238 0
1247 0
1256 0
1265 0
1274 0
1283 0
1292 0
1301 0
1310 0
1319 0
1328 0
1337 0
1346 0
1355 0
1364 0
1373 0
1382 0
1391 0
1400 0
1409 0
1418 0
1427 0
1436 0
1445 0
1454 0
1463 8d
1472 8f
1481 98
1490 da
1499 d2
1508 a3
1517 8e
1526 59
1535 ad
1544 7a
1553 f4
1562 28
1571 7c
1580 7b
1589 10
1598 88
1607 dc
1616 57
1625 4c
1634 74
1643 b9
1652 34
1661 1c
1670 91
1679 5
1688 c9
1697 74
1706 39
1715 14
1724 a2
1733 5c
1742 62
1751 f4
1760 ec
1769 db
1778 b2
1787 61
1788 73
1789 64
1790 66
1791 67
