0 1
2 6e8
19 108
20 4
21 9
22 9b
31 8c
40 92
49 32
58 22
67 c
76 c8
85 57
94 c4
103 47
112 62
121 80
130 fa
139 63
148 d4
157 9f
166 1
175 7d
184 c7
193 f4
202 31
211 c4
220 c4
229 99
238 c2
247 2a
256 9c
265 8a
274 6
283 a7
292 a6
301 a6
310 75
319 e8
328 be
337 66
346 0
355 0
364 0
373 0
382 0
391 0
400 0
409 0
418 0
427 0
436 0
445 0
454 0
463 0
472 0
481 0
490 0
499 0
508 0
517 0
526 0
535 0
544 0
553 0
562 0
571 0
580 0
589 0
598 0
607 0
616 0
625 0
634 0
643 0
652 0
661 0
670 0
679 0
688 0
697 0
706 0
715 0
724 0
733 0
742 0
751 0
760 0
769 0
778 0
787 0
796 0
805 0
814 0
823 0
832 0
841 0
850 0
859 0
868 0
877 0
886 0
895 0
904 0
913 0
922 0
931 0
940 0
949 0
958 0
967 0
976 0
985 0
994 0
1003 0
1012 0
1021 0
1030 0
1039 0
1048 0
1057 0
1066 0
1075 0
1084 0
1093 0
1102 0
1111 0
1120 0
1129 0
1138 0
1147 0
1156 0
1165 0
1174 0
1183 0
1192 0
1201 0
1210 0
1219 0
1228 0
1237 0
1246 0
1255 0
1264 0
1273 0
1282 0
1291 0
1300 0
1309 0
1318 0
1327 0
1336 0
1345 0
1354 0
1363 0
1372 0
1381 0
1390 0
1399 0
1408 0
1417 0
1426 0
1435 0
1444 0
1453 0
1462 42
1471 5c
1480 87
1489 b
1498 40
1507 ef
1516 e
1525 81
1534 69
1543 8e
1552 49
1561 ae
1570 8a
1579 8e
1588 a0
1597 3d
1606 14
1615 dd
1624 51
1633 fc
1642 3b
1651 62
1660 7b
1669 2f
1678 ce
1687 8d
1696 a
1705 6
1714 72
1723 93
1732 0
1741 4c
1750 d3
1759 92
1768 72
1777 14
1786 2f
1787 66
1788 75
1789 6e
1790 63
1791 74
1792 69
1793 6f
1794 6e
1795 d
1796 a
1797 0
1798 0
1799 0
1800 0
1801 0
1802 0
1803 0
1804 0
1805 0
