0 1
2 6e8
19 108
20 4
21 9
22 84
31 de
40 96
49 b6
58 a5
67 a9
76 5a
85 44
94 36
103 4c
112 d
121 69
130 bc
139 2e
148 4
157 62
166 d3
175 90
184 e5
193 2a
202 97
211 65
220 e7
229 5b
238 4c
247 a5
256 d
265 89
274 40
283 ef
292 48
301 80
310 6c
319 c6
328 b0
337 e2
346 0
355 0
364 0
373 0
382 0
391 0
400 0
409 0
418 0
427 0
436 0
445 0
454 0
463 0
472 0
481 0
490 0
499 0
508 0
517 0
526 0
535 0
544 0
553 0
562 0
571 0
580 0
589 0
598 0
607 0
616 0
625 0
634 0
643 0
652 0
661 0
670 0
679 0
688 0
697 0
706 0
715 0
724 0
733 0
742 0
751 0
760 0
769 0
778 0
787 0
796 0
805 0
814 0
823 0
832 0
841 0
850 0
859 0
868 0
877 0
886 0
895 0
904 0
913 0
922 0
931 0
940 0
949 0
958 0
967 0
976 0
985 0
994 0
1003 0
1012 0
1021 0
1030 0
1039 0
1048 0
1057 0
1066 0
1075 0
1084 0
1093 0
1102 0
1111 0
1120 0
1129 0
1138 0
1147 0
1156 0
1165 0
1174 0
1183 0
1192 0
1201 0
1210 0
1219 0
1228 0
1237 0
1246 0
1255 0
1264 0
1273 0
1282 0
1291 0
1300 0
1309 0
1318 0
1327 0
1336 0
1345 0
1354 0
1363 0
1372 0
1381 0
1390 0
1399 0
1408 0
1417 0
1426 0
1435 0
1444 0
1453 0
1462 7b
1471 c0
1480 cc
1489 e1
1498 68
1507 b1
1516 b7
1525 87
1534 8d
1543 31
1552 fc
1561 38
1570 da
1579 3e
1588 ff
1597 97
1606 9e
1615 a9
1624 ea
1633 6e
1642 10
1651 2a
1660 85
1669 f8
1678 18
1687 bb
1696 72
1705 62
1714 b7
1723 99
1732 41
1741 a7
1750 fd
1759 43
1768 b9
1777 52
1786 2f
1787 66
1788 75
1789 6e
1790 63
1791 74
1792 69
1793 6f
1794 6e
1795 d
1796 a
1797 0
1798 0
1799 0
1800 0
1801 0
1802 0
1803 0
1804 0
1805 0
