0 1
2 6e8
19 108
20 4
21 b
22 297ca9c14951fbaad217dc76566893385ae3ed90b54baf41c6ba205e35a0b646
23 d6
32 74
41 d8
50 54
59 35
68 1e
77 9c
86 b4
95 ee
104 22
113 17
122 7b
131 85
140 50
149 4a
158 a2
167 bb
176 79
185 df
194 67
203 5
212 d0
221 17
230 c8
239 87
248 71
257 68
266 c3
275 1f
284 f2
293 5
302 87
311 2a
320 b4
329 af
338 d2
347 0
356 0
365 0
374 0
383 0
392 0
401 0
410 0
419 0
428 0
437 0
446 0
455 0
464 0
473 0
482 0
491 0
500 0
509 0
518 0
527 0
536 0
545 0
554 0
563 0
572 0
581 0
590 0
599 0
608 0
617 0
626 0
635 0
644 0
653 0
662 0
671 0
680 0
689 0
698 0
707 0
716 0
725 0
734 0
743 0
752 0
761 0
770 0
779 0
788 0
797 0
806 0
815 0
824 0
833 0
842 0
851 0
860 0
869 0
878 0
887 0
896 0
905 0
914 0
923 0
932 0
941 0
950 0
959 0
968 0
977 0
986 0
995 0
1004 0
1013 0
1022 0
1031 0
1040 0
1049 0
1058 0
1067 0
1076 0
1085 0
1094 0
1103 0
1112 0
1121 0
1130 0
1139 0
1148 0
1157 0
1166 0
1175 0
1184 0
1193 0
1202 0
1211 0
1220 0
1229 0
1238 0
1247 0
1256 0
1265 0
1274 0
1283 0
1292 0
1301 0
1310 0
1319 0
1328 0
1337 0
1346 0
1355 0
1364 0
1373 0
1382 0
1391 0
1400 0
1409 0
1418 0
1427 0
1436 0
1445 0
1454 0
1463 a2
1472 b2
1481 ba
1490 3d
1499 19
1508 31
1517 2c
1526 71
1535 a2
1544 c4
1553 8
1562 55
1571 64
1580 88
1589 88
1598 4d
1607 f5
1616 ed
1625 b7
1634 53
1643 4a
1652 c9
1661 a1
1670 c3
1679 eb
1688 35
1697 b4
1706 f7
1715 20
1724 ae
1733 ad
1742 34
1751 7b
1760 fa
1769 25
1778 e7
1787 70
1788 6c
1789 61
1790 63
1791 65
1792 68
1793 6f
1794 6c
1795 64
1796 65
1797 72
1798 d
1799 a
1800 0
1801 0
1802 0
1803 0
1804 0
1805 0
1806 0
