0 1
2 6e8
19 108
20 4
21 b
22 297ca9c14951fbaad217dc76566893385ae3ed90b54baf41c6ba205e35a0b646
23 3e
32 45
41 1f
50 b
59 3c
68 5b
77 5a
86 b7
95 aa
104 a0
113 16
122 3b
131 5b
140 a7
149 66
158 9f
167 ad
176 6d
185 6f
194 eb
203 c0
212 1f
221 86
230 1e
239 3d
248 22
257 f6
266 4f
275 b4
284 37
293 4e
302 1b
311 a8
320 a
329 77
338 72
347 0
356 0
365 0
374 0
383 0
392 0
401 0
410 0
419 0
428 0
437 0
446 0
455 0
464 0
473 0
482 0
491 0
500 0
509 0
518 0
527 0
536 0
545 0
554 0
563 0
572 0
581 0
590 0
599 0
608 0
617 0
626 0
635 0
644 0
653 0
662 0
671 0
680 0
689 0
698 0
707 0
716 0
725 0
734 0
743 0
752 0
761 0
770 0
779 0
788 0
797 0
806 0
815 0
824 0
833 0
842 0
851 0
860 0
869 0
878 0
887 0
896 0
905 0
914 0
923 0
932 0
941 0
950 0
959 0
968 0
977 0
986 0
995 0
1004 0
1013 0
1022 0
1031 0
1040 0
1049 0
1058 0
1067 0
1076 0
1085 0
1094 0
1103 0
1112 0
1121 0
1130 0
1139 0
1148 0
1157 0
1166 0
1175 0
1184 0
1193 0
1202 0
1211 0
1220 0
1229 0
1238 0
1247 0
1256 0
1265 0
1274 0
1283 0
1292 0
1301 0
1310 0
1319 0
1328 0
1337 0
1346 0
1355 0
1364 0
1373 0
1382 0
1391 0
1400 0
1409 0
1418 0
1427 0
1436 0
1445 0
1454 0
1463 10
1472 dd
1481 a0
1490 cf
1499 83
1508 3f
1517 13
1526 b0
1535 20
1544 2f
1553 54
1562 8d
1571 14
1580 9
1589 b2
1598 9
1607 db
1616 13
1625 d0
1634 24
1643 2c
1652 48
1661 26
1670 fc
1679 20
1688 ef
1697 1f
1706 a8
1715 c5
1724 98
1733 3b
1742 b
1751 68
1760 62
1769 12
1778 da
1787 70
1788 6c
1789 61
1790 63
1791 65
1792 68
1793 6f
1794 6c
1795 64
1796 65
1797 72
1798 d
1799 a
1800 0
1801 0
1802 0
1803 0
1804 0
1805 0
1806 0
