0 1
2 6e8
19 108
20 4
21 7
22 297ca9c14951fbaad217dc76566893385ae3ed90b54baf41c6ba205e35a0b646
23 26
32 c4
41 c7
50 ec
59 5c
68 c4
77 95
86 77
95 1f
104 10
113 71
122 e5
131 6d
140 a
149 48
158 43
167 3f
176 6f
185 fe
194 97
203 cb
212 18
221 66
230 43
239 bb
248 6f
257 b2
266 c8
275 87
284 e8
293 77
302 d2
311 9d
320 13
329 17
338 e5
347 0
356 0
365 0
374 0
383 0
392 0
401 0
410 0
419 0
428 0
437 0
446 0
455 0
464 0
473 0
482 0
491 0
500 0
509 0
518 0
527 0
536 0
545 0
554 0
563 0
572 0
581 0
590 0
599 0
608 0
617 0
626 0
635 0
644 0
653 0
662 0
671 0
680 0
689 0
698 0
707 0
716 0
725 0
734 0
743 0
752 0
761 0
770 0
779 0
788 0
797 0
806 0
815 0
824 0
833 0
842 0
851 0
860 0
869 0
878 0
887 0
896 0
905 0
914 0
923 0
932 0
941 0
950 0
959 0
968 0
977 0
986 0
995 0
1004 0
1013 0
1022 0
1031 0
1040 0
1049 0
1058 0
1067 0
1076 0
1085 0
1094 0
1103 0
1112 0
1121 0
1130 0
1139 0
1148 0
1157 0
1166 0
1175 0
1184 0
1193 0
1202 0
1211 0
1220 0
1229 0
1238 0
1247 0
1256 0
1265 0
1274 0
1283 0
1292 0
1301 0
1310 0
1319 0
1328 0
1337 0
1346 0
1355 0
1364 0
1373 0
1382 0
1391 0
1400 0
1409 0
1418 0
1427 0
1436 0
1445 0
1454 0
1463 69
1472 1e
1481 b1
1490 69
1499 5e
1508 99
1517 3e
1526 23
1535 8c
1544 8a
1553 cd
1562 23
1571 a7
1580 48
1589 e5
1598 d7
1607 77
1616 f8
1625 27
1634 b4
1643 1b
1652 49
1661 b7
1670 75
1679 49
1688 49
1697 8b
1706 44
1715 a4
1724 66
1733 4e
1742 e1
1751 9b
1760 ad
1769 a
1778 7d
1787 61
1788 73
1789 64
1790 66
1791 67
