0 1
2 6e8
19 108
20 4
21 b
22 297ca9c14951fbaad217dc76566893385ae3ed90b54baf41c6ba205e35a0b646
23 dd
32 93
41 f6
50 b1
59 a6
68 be
77 66
86 f3
95 7
104 9
113 f5
122 25
131 87
140 35
149 94
158 da
167 2
176 50
185 d4
194 7e
203 c0
212 26
221 c
230 7f
239 bf
248 bb
257 e2
266 3c
275 a
284 8c
293 c5
302 4c
311 3d
320 45
329 af
338 9f
347 0
356 0
365 0
374 0
383 0
392 0
401 0
410 0
419 0
428 0
437 0
446 0
455 0
464 0
473 0
482 0
491 0
500 0
509 0
518 0
527 0
536 0
545 0
554 0
563 0
572 0
581 0
590 0
599 0
608 0
617 0
626 0
635 0
644 0
653 0
662 0
671 0
680 0
689 0
698 0
707 0
716 0
725 0
734 0
743 0
752 0
761 0
770 0
779 0
788 0
797 0
806 0
815 0
824 0
833 0
842 0
851 0
860 0
869 0
878 0
887 0
896 0
905 0
914 0
923 0
932 0
941 0
950 0
959 0
968 0
977 0
986 0
995 0
1004 0
1013 0
1022 0
1031 0
1040 0
1049 0
1058 0
1067 0
1076 0
1085 0
1094 0
1103 0
1112 0
1121 0
1130 0
1139 0
1148 0
1157 0
1166 0
1175 0
1184 0
1193 0
1202 0
1211 0
1220 0
1229 0
1238 0
1247 0
1256 0
1265 0
1274 0
1283 0
1292 0
1301 0
1310 0
1319 0
1328 0
1337 0
1346 0
1355 0
1364 0
1373 0
1382 0
1391 0
1400 0
1409 0
1418 0
1427 0
1436 0
1445 0
1454 0
1463 3e
1472 50
1481 af
1490 5c
1499 2b
1508 2
1517 dc
1526 b0
1535 d0
1544 d2
1553 b
1562 af
1571 71
1580 79
1589 ff
1598 ec
1607 9f
1616 35
1625 ea
1634 6c
1643 2b
1652 f5
1661 90
1670 d5
1679 6
1688 f9
1697 6f
1706 b6
1715 e7
1724 93
1733 4e
1742 a7
1751 72
1760 da
1769 d3
1778 58
1787 70
1788 6c
1789 61
1790 63
1791 65
1792 68
1793 6f
1794 6c
1795 64
1796 65
1797 72
1798 d
1799 a
1800 0
1801 0
1802 0
1803 0
1804 0
1805 0
1806 0
