0 1
2 6e8
19 108
20 4
21 9
22 70
31 ff
40 2a
49 80
58 de
67 37
76 78
85 6c
94 d5
103 3d
112 ed
121 9a
130 b4
139 3f
148 99
157 e9
166 71
175 ff
184 54
193 bf
202 d1
211 92
220 f8
229 bf
238 a
247 77
256 4e
265 e5
274 5f
283 d
292 b3
301 ce
310 9b
319 3f
328 5a
337 c4
346 0
355 0
364 0
373 0
382 0
391 0
400 0
409 0
418 0
427 0
436 0
445 0
454 0
463 0
472 0
481 0
490 0
499 0
508 0
517 0
526 0
535 0
544 0
553 0
562 0
571 0
580 0
589 0
598 0
607 0
616 0
625 0
634 0
643 0
652 0
661 0
670 0
679 0
688 0
697 0
706 0
715 0
724 0
733 0
742 0
751 0
760 0
769 0
778 0
787 0
796 0
805 0
814 0
823 0
832 0
841 0
850 0
859 0
868 0
877 0
886 0
895 0
904 0
913 0
922 0
931 0
940 0
949 0
958 0
967 0
976 0
985 0
994 0
1003 0
1012 0
1021 0
1030 0
1039 0
1048 0
1057 0
1066 0
1075 0
1084 0
1093 0
1102 0
1111 0
1120 0
1129 0
1138 0
1147 0
1156 0
1165 0
1174 0
1183 0
1192 0
1201 0
1210 0
1219 0
1228 0
1237 0
1246 0
1255 0
1264 0
1273 0
1282 0
1291 0
1300 0
1309 0
1318 0
1327 0
1336 0
1345 0
1354 0
1363 0
1372 0
1381 0
1390 0
1399 0
1408 0
1417 0
1426 0
1435 0
1444 0
1453 0
1462 2d
1471 96
1480 92
1489 33
1498 1d
1507 37
1516 68
1525 9d
1534 8d
1543 9b
1552 62
1561 fc
1570 0
1579 7
1588 1d
1597 39
1606 23
1615 fe
1624 3
1633 1a
1642 c9
1651 c6
1660 1d
1669 73
1678 4e
1687 8b
1696 15
1705 1a
1714 95
1723 df
1732 e6
1741 39
1750 9b
1759 4e
1768 a4
1777 46
1786 2f
1787 66
1788 75
1789 6e
1790 63
1791 74
1792 69
1793 6f
1794 6e
1795 d
1796 a
1797 0
1798 0
1799 0
1800 0
1801 0
1802 0
1803 0
1804 0
1805 0
