0 1
2 6e8
19 108
20 4
21 7
22 297ca9c14951fbaad217dc76566893385ae3ed90b54baf41c6ba205e35a0b646
23 47
32 40
41 51
50 eb
59 8f
68 75
77 75
86 a3
95 71
104 f6
113 70
122 67
131 3f
140 a1
149 1f
158 b8
167 6e
176 d0
185 37
194 db
203 59
212 f2
221 b4
230 9d
239 bc
248 a9
257 64
266 8b
275 2d
284 c3
293 dd
302 2c
311 64
320 66
329 68
338 5a
347 0
356 0
365 0
374 0
383 0
392 0
401 0
410 0
419 0
428 0
437 0
446 0
455 0
464 0
473 0
482 0
491 0
500 0
509 0
518 0
527 0
536 0
545 0
554 0
563 0
572 0
581 0
590 0
599 0
608 0
617 0
626 0
635 0
644 0
653 0
662 0
671 0
680 0
689 0
698 0
707 0
716 0
725 0
734 0
743 0
752 0
761 0
770 0
779 0
788 0
797 0
806 0
815 0
824 0
833 0
842 0
851 0
860 0
869 0
878 0
887 0
896 0
905 0
914 0
923 0
932 0
941 0
950 0
959 0
968 0
977 0
986 0
995 0
1004 0
1013 0
1022 0
1031 0
1040 0
1049 0
1058 0
1067 0
1076 0
1085 0
1094 0
1103 0
1112 0
1121 0
1130 0
1139 0
1148 0
1157 0
1166 0
1175 0
1184 0
1193 0
1202 0
1211 0
1220 0
1229 0
1238 0
1247 0
1256 0
1265 0
1274 0
1283 0
1292 0
1301 0
1310 0
1319 0
1328 0
1337 0
1346 0
1355 0
1364 0
1373 0
1382 0
1391 0
1400 0
1409 0
1418 0
1427 0
1436 0
1445 0
1454 0
1463 3d
1472 73
1481 d8
1490 28
1499 38
1508 22
1517 f2
1526 56
1535 b4
1544 7
1553 d7
1562 ab
1571 8f
1580 80
1589 49
1598 c6
1607 6d
1616 53
1625 d8
1634 c5
1643 52
1652 be
1661 f9
1670 29
1679 22
1688 a0
1697 86
1706 4d
1715 52
1724 c8
1733 84
1742 a
1751 ad
1760 83
1769 5e
1778 5b
1787 61
1788 73
1789 64
1790 66
1791 67
