0 1
2 6e8
19 108
20 4
21 7
22 297ca9c14951fbaad217dc76566893385ae3ed90b54baf41c6ba205e35a0b646
23 8
32 b1
41 fe
50 cf
59 a1
68 34
77 40
86 29
95 b6
104 18
113 70
122 30
131 9f
140 89
149 b6
158 ea
167 7f
176 56
185 f4
194 43
203 a5
212 5d
221 39
230 b1
239 35
248 1d
257 4
266 7b
275 5
284 23
293 e0
302 0
311 6a
320 5f
329 42
338 58
347 0
356 0
365 0
374 0
383 0
392 0
401 0
410 0
419 0
428 0
437 0
446 0
455 0
464 0
473 0
482 0
491 0
500 0
509 0
518 0
527 0
536 0
545 0
554 0
563 0
572 0
581 0
590 0
599 0
608 0
617 0
626 0
635 0
644 0
653 0
662 0
671 0
680 0
689 0
698 0
707 0
716 0
725 0
734 0
743 0
752 0
761 0
770 0
779 0
788 0
797 0
806 0
815 0
824 0
833 0
842 0
851 0
860 0
869 0
878 0
887 0
896 0
905 0
914 0
923 0
932 0
941 0
950 0
959 0
968 0
977 0
986 0
995 0
1004 0
1013 0
1022 0
1031 0
1040 0
1049 0
1058 0
1067 0
1076 0
1085 0
1094 0
1103 0
1112 0
1121 0
1130 0
1139 0
1148 0
1157 0
1166 0
1175 0
1184 0
1193 0
1202 0
1211 0
1220 0
1229 0
1238 0
1247 0
1256 0
1265 0
1274 0
1283 0
1292 0
1301 0
1310 0
1319 0
1328 0
1337 0
1346 0
1355 0
1364 0
1373 0
1382 0
1391 0
1400 0
1409 0
1418 0
1427 0
1436 0
1445 0
1454 0
1463 46
1472 c4
1481 ed
1490 4a
1499 3d
1508 5c
1517 86
1526 d1
1535 6
1544 c5
1553 dc
1562 c2
1571 b4
1580 86
1589 73
1598 cc
1607 4f
1616 af
1625 8a
1634 e5
1643 f0
1652 76
1661 5c
1670 56
1679 c9
1688 81
1697 d6
1706 67
1715 f1
1724 83
1733 59
1742 9a
1751 ab
1760 12
1769 2e
1778 c
1787 61
1788 73
1789 64
1790 66
1791 67
