0 1
2 6e8
19 108
20 4
21 7
22 297ca9c14951fbaad217dc76566893385ae3ed90b54baf41c6ba205e35a0b646
23 8f
32 b7
41 82
50 a3
59 32
68 c1
77 c
86 4
95 67
104 62
113 a9
122 cb
131 83
140 7d
149 88
158 47
167 a9
176 98
185 fc
194 d7
203 e7
212 ab
221 cb
230 9
239 93
248 b3
257 55
266 0
275 7f
284 29
293 56
302 1e
311 2d
320 5b
329 d9
338 7f
347 0
356 0
365 0
374 0
383 0
392 0
401 0
410 0
419 0
428 0
437 0
446 0
455 0
464 0
473 0
482 0
491 0
500 0
509 0
518 0
527 0
536 0
545 0
554 0
563 0
572 0
581 0
590 0
599 0
608 0
617 0
626 0
635 0
644 0
653 0
662 0
671 0
680 0
689 0
698 0
707 0
716 0
725 0
734 0
743 0
752 0
761 0
770 0
779 0
788 0
797 0
806 0
815 0
824 0
833 0
842 0
851 0
860 0
869 0
878 0
887 0
896 0
905 0
914 0
923 0
932 0
941 0
950 0
959 0
968 0
977 0
986 0
995 0
1004 0
1013 0
1022 0
1031 0
1040 0
1049 0
1058 0
1067 0
1076 0
1085 0
1094 0
1103 0
1112 0
1121 0
1130 0
1139 0
1148 0
1157 0
1166 0
1175 0
1184 0
1193 0
1202 0
1211 0
1220 0
1229 0
1238 0
1247 0
1256 0
1265 0
1274 0
1283 0
1292 0
1301 0
1310 0
1319 0
1328 0
1337 0
1346 0
1355 0
1364 0
1373 0
1382 0
1391 0
1400 0
1409 0
1418 0
1427 0
1436 0
1445 0
1454 0
1463 e2
1472 a2
1481 b1
1490 cf
1499 5d
1508 dd
1517 55
1526 e9
1535 4c
1544 6c
1553 cb
1562 90
1571 6
1580 37
1589 15
1598 37
1607 db
1616 36
1625 b1
1634 44
1643 b6
1652 cd
1661 8f
1670 63
1679 32
1688 34
1697 15
1706 17
1715 1d
1724 da
1733 e4
1742 86
1751 8c
1760 73
1769 6d
1778 f8
1787 61
1788 73
1789 64
1790 66
1791 67
