0 1
2 6e8
19 108
20 4
21 9
22 72
31 1
40 9a
49 88
58 70
67 5d
76 ce
85 e5
94 27
103 3
112 6e
121 83
130 7f
139 15
148 1e
157 de
166 be
175 85
184 93
193 af
202 3e
211 5e
220 a5
229 80
238 d7
247 3e
256 e3
265 f8
274 d1
283 d1
292 f2
301 13
310 7c
319 e0
328 2d
337 7d
346 0
355 0
364 0
373 0
382 0
391 0
400 0
409 0
418 0
427 0
436 0
445 0
454 0
463 0
472 0
481 0
490 0
499 0
508 0
517 0
526 0
535 0
544 0
553 0
562 0
571 0
580 0
589 0
598 0
607 0
616 0
625 0
634 0
643 0
652 0
661 0
670 0
679 0
688 0
697 0
706 0
715 0
724 0
733 0
742 0
751 0
760 0
769 0
778 0
787 0
796 0
805 0
814 0
823 0
832 0
841 0
850 0
859 0
868 0
877 0
886 0
895 0
904 0
913 0
922 0
931 0
940 0
949 0
958 0
967 0
976 0
985 0
994 0
1003 0
1012 0
1021 0
1030 0
1039 0
1048 0
1057 0
1066 0
1075 0
1084 0
1093 0
1102 0
1111 0
1120 0
1129 0
1138 0
1147 0
1156 0
1165 0
1174 0
1183 0
1192 0
1201 0
1210 0
1219 0
1228 0
1237 0
1246 0
1255 0
1264 0
1273 0
1282 0
1291 0
1300 0
1309 0
1318 0
1327 0
1336 0
1345 0
1354 0
1363 0
1372 0
1381 0
1390 0
1399 0
1408 0
1417 0
1426 0
1435 0
1444 0
1453 0
1462 58
1471 fb
1480 6a
1489 6e
1498 1d
1507 bf
1516 77
1525 75
1534 94
1543 bc
1552 e9
1561 95
1570 1c
1579 d9
1588 c6
1597 ee
1606 36
1615 6d
1624 ad
1633 58
1642 59
1651 53
1660 c3
1669 95
1678 f7
1687 93
1696 e1
1705 41
1714 b3
1723 ea
1732 74
1741 2f
1750 82
1759 c2
1768 fd
1777 16
1786 2f
1787 66
1788 75
1789 6e
1790 63
1791 74
1792 69
1793 6f
1794 6e
1795 d
1796 a
1797 0
1798 0
1799 0
1800 0
1801 0
1802 0
1803 0
1804 0
1805 0
