0 1
2 6dc
19 108
20 38
21 9
22 fc
31 7f
40 97
49 f5
58 23
67 8a
76 35
85 2b
94 b9
103 8f
112 d3
121 14
130 10
139 9b
148 2
157 f0
166 fe
175 35
184 4c
193 c7
202 bc
211 49
220 ab
229 e7
238 61
247 53
256 32
265 e9
274 64
283 15
292 32
301 3f
310 33
319 5f
328 55
337 f0
346 ed
355 e4
364 22
373 1d
382 d2
391 12
400 af
409 7a
418 2f
427 59
436 4b
445 82
454 18
463 31
472 74
481 a
490 30
499 d1
508 8d
517 ca
526 3a
535 88
544 ce
553 58
562 55
571 f7
580 3b
589 20
598 53
607 e7
616 bf
625 f9
634 b
643 42
652 d0
661 58
670 91
679 ff
688 78
697 e7
706 9b
715 ab
724 bd
733 ce
742 32
751 9
760 c3
769 d9
778 72
787 bf
796 d6
805 42
814 0
823 0
832 0
841 0
850 0
859 0
868 0
877 0
886 0
895 0
904 0
913 0
922 0
931 0
940 0
949 0
958 0
967 0
976 0
985 0
994 0
1003 0
1012 0
1021 0
1030 0
1039 0
1048 0
1057 0
1066 0
1075 0
1084 0
1093 0
1102 0
1111 0
1120 0
1129 0
1138 0
1147 0
1156 0
1165 0
1174 0
1183 0
1192 0
1201 0
1210 0
1219 0
1228 0
1237 0
1246 0
1255 0
1264 0
1273 0
1282 0
1291 0
1300 0
1309 0
1318 0
1327 0
1336 0
1345 0
1354 0
1363 0
1372 0
1381 0
1390 0
1399 0
1408 0
1417 0
1426 0
1435 0
1444 0
1453 0
1462 6b
1471 aa
1480 2e
1489 18
1498 bc
1507 2
1516 90
1525 cd
1534 aa
1543 f7
1552 ef
1561 f0
1570 fa
1579 47
1588 ba
1597 43
1606 86
1615 9d
1624 41
1633 6b
1642 54
1651 d4
1660 61
1669 5e
1678 2
1687 c5
1696 7a
1705 b1
1714 42
1723 3
1732 73
1741 dc
1750 a1
1759 5
1768 22
1777 8d
1786 2f
1787 66
1788 75
1789 6e
1790 63
1791 74
1792 69
1793 6f
1794 6e
1795 d
1796 a
1797 0
1798 0
1799 0
1800 0
1801 0
1802 0
1803 0
1804 0
1805 0
