0 1
2 6e8
19 108
20 4
21 9
22 8d
31 27
40 8d
49 fa
58 a3
67 31
76 9b
85 5e
94 16
103 e3
112 7b
121 de
130 5f
139 5
148 36
157 7c
166 5e
175 29
184 57
193 68
202 aa
211 6d
220 47
229 d4
238 c3
247 89
256 b7
265 41
274 5d
283 dc
292 62
301 bb
310 b9
319 cc
328 dd
337 15
346 0
355 0
364 0
373 0
382 0
391 0
400 0
409 0
418 0
427 0
436 0
445 0
454 0
463 0
472 0
481 0
490 0
499 0
508 0
517 0
526 0
535 0
544 0
553 0
562 0
571 0
580 0
589 0
598 0
607 0
616 0
625 0
634 0
643 0
652 0
661 0
670 0
679 0
688 0
697 0
706 0
715 0
724 0
733 0
742 0
751 0
760 0
769 0
778 0
787 0
796 0
805 0
814 0
823 0
832 0
841 0
850 0
859 0
868 0
877 0
886 0
895 0
904 0
913 0
922 0
931 0
940 0
949 0
958 0
967 0
976 0
985 0
994 0
1003 0
1012 0
1021 0
1030 0
1039 0
1048 0
1057 0
1066 0
1075 0
1084 0
1093 0
1102 0
1111 0
1120 0
1129 0
1138 0
1147 0
1156 0
1165 0
1174 0
1183 0
1192 0
1201 0
1210 0
1219 0
1228 0
1237 0
1246 0
1255 0
1264 0
1273 0
1282 0
1291 0
1300 0
1309 0
1318 0
1327 0
1336 0
1345 0
1354 0
1363 0
1372 0
1381 0
1390 0
1399 0
1408 0
1417 0
1426 0
1435 0
1444 0
1453 0
1462 fd
1471 11
1480 10
1489 81
1498 d
1507 d8
1516 be
1525 fb
1534 c
1543 cc
1552 71
1561 6
1570 9d
1579 aa
1588 24
1597 1d
1606 7e
1615 c3
1624 30
1633 cb
1642 b6
1651 e3
1660 b0
1669 34
1678 11
1687 f
1696 a3
1705 92
1714 2
1723 88
1732 6a
1741 9a
1750 c3
1759 bf
1768 8f
1777 f7
1786 2f
1787 66
1788 75
1789 6e
1790 63
1791 74
1792 69
1793 6f
1794 6e
1795 d
1796 a
1797 0
1798 0
1799 0
1800 0
1801 0
1802 0
1803 0
1804 0
1805 0
