0 1
2 6e8
19 108
20 4
21 9
22 c5
31 30
40 d3
49 7b
58 3d
67 c4
76 8f
85 38
94 61
103 71
112 35
121 bd
130 c3
139 dd
148 ec
157 ee
166 10
175 b4
184 17
193 43
202 91
211 55
220 99
229 32
238 a0
247 57
256 12
265 3d
274 3d
283 cd
292 81
301 c3
310 89
319 f8
328 74
337 a8
346 0
355 0
364 0
373 0
382 0
391 0
400 0
409 0
418 0
427 0
436 0
445 0
454 0
463 0
472 0
481 0
490 0
499 0
508 0
517 0
526 0
535 0
544 0
553 0
562 0
571 0
580 0
589 0
598 0
607 0
616 0
625 0
634 0
643 0
652 0
661 0
670 0
679 0
688 0
697 0
706 0
715 0
724 0
733 0
742 0
751 0
760 0
769 0
778 0
787 0
796 0
805 0
814 0
823 0
832 0
841 0
850 0
859 0
868 0
877 0
886 0
895 0
904 0
913 0
922 0
931 0
940 0
949 0
958 0
967 0
976 0
985 0
994 0
1003 0
1012 0
1021 0
1030 0
1039 0
1048 0
1057 0
1066 0
1075 0
1084 0
1093 0
1102 0
1111 0
1120 0
1129 0
1138 0
1147 0
1156 0
1165 0
1174 0
1183 0
1192 0
1201 0
1210 0
1219 0
1228 0
1237 0
1246 0
1255 0
1264 0
1273 0
1282 0
1291 0
1300 0
1309 0
1318 0
1327 0
1336 0
1345 0
1354 0
1363 0
1372 0
1381 0
1390 0
1399 0
1408 0
1417 0
1426 0
1435 0
1444 0
1453 0
1462 ab
1471 9d
1480 4
1489 c3
1498 dc
1507 5b
1516 fa
1525 50
1534 4a
1543 a7
1552 1c
1561 f5
1570 17
1579 d0
1588 bf
1597 d2
1606 8d
1615 be
1624 73
1633 b8
1642 22
1651 62
1660 3b
1669 16
1678 45
1687 54
1696 71
1705 43
1714 5b
1723 5d
1732 6f
1741 77
1750 a1
1759 b5
1768 31
1777 b0
1786 2f
1787 66
1788 75
1789 6e
1790 63
1791 74
1792 69
1793 6f
1794 6e
1795 d
1796 a
1797 0
1798 0
1799 0
1800 0
1801 0
1802 0
1803 0
1804 0
1805 0
