0 1
2 6e8
19 108
20 4
21 b
22 297ca9c14951fbaad217dc76566893385ae3ed90b54baf41c6ba205e35a0b646
23 4c
32 5
41 83
50 9
59 87
68 4
77 a2
86 66
95 d2
104 61
113 8e
122 c6
131 42
140 6b
149 c
158 4f
167 46
176 d9
185 ae
194 ec
203 d9
212 1
221 f9
230 1d
239 d
248 8e
257 1a
266 e8
275 c1
284 45
293 ea
302 b7
311 f4
320 4f
329 58
338 77
347 0
356 0
365 0
374 0
383 0
392 0
401 0
410 0
419 0
428 0
437 0
446 0
455 0
464 0
473 0
482 0
491 0
500 0
509 0
518 0
527 0
536 0
545 0
554 0
563 0
572 0
581 0
590 0
599 0
608 0
617 0
626 0
635 0
644 0
653 0
662 0
671 0
680 0
689 0
698 0
707 0
716 0
725 0
734 0
743 0
752 0
761 0
770 0
779 0
788 0
797 0
806 0
815 0
824 0
833 0
842 0
851 0
860 0
869 0
878 0
887 0
896 0
905 0
914 0
923 0
932 0
941 0
950 0
959 0
968 0
977 0
986 0
995 0
1004 0
1013 0
1022 0
1031 0
1040 0
1049 0
1058 0
1067 0
1076 0
1085 0
1094 0
1103 0
1112 0
1121 0
1130 0
1139 0
1148 0
1157 0
1166 0
1175 0
1184 0
1193 0
1202 0
1211 0
1220 0
1229 0
1238 0
1247 0
1256 0
1265 0
1274 0
1283 0
1292 0
1301 0
1310 0
1319 0
1328 0
1337 0
1346 0
1355 0
1364 0
1373 0
1382 0
1391 0
1400 0
1409 0
1418 0
1427 0
1436 0
1445 0
1454 0
1463 61
1472 c3
1481 d7
1490 8
1499 66
1508 e4
1517 de
1526 db
1535 7c
1544 fe
1553 cf
1562 d7
1571 e7
1580 ca
1589 4b
1598 3b
1607 e6
1616 af
1625 a5
1634 cc
1643 41
1652 fb
1661 da
1670 a7
1679 ed
1688 24
1697 87
1706 bf
1715 98
1724 ca
1733 a5
1742 6c
1751 92
1760 dc
1769 6d
1778 32
1787 70
1788 6c
1789 61
1790 63
1791 65
1792 68
1793 6f
1794 6c
1795 64
1796 65
1797 72
1798 d
1799 a
1800 0
1801 0
1802 0
1803 0
1804 0
1805 0
1806 0
