0 1
2 6e8
19 108
20 4
21 7
22 297ca9c14951fbaad217dc76566893385ae3ed90b54baf41c6ba205e35a0b646
23 ad
32 30
41 9d
50 d8
59 c3
68 8c
77 10
86 66
95 d9
104 53
113 7
122 67
131 c4
140 a5
149 61
158 54
167 72
176 5a
185 5d
194 6f
203 20
212 3d
221 8d
230 f3
239 f5
248 93
257 b7
266 d
275 71
284 9a
293 2b
302 37
311 88
320 34
329 20
338 d7
347 0
356 0
365 0
374 0
383 0
392 0
401 0
410 0
419 0
428 0
437 0
446 0
455 0
464 0
473 0
482 0
491 0
500 0
509 0
518 0
527 0
536 0
545 0
554 0
563 0
572 0
581 0
590 0
599 0
608 0
617 0
626 0
635 0
644 0
653 0
662 0
671 0
680 0
689 0
698 0
707 0
716 0
725 0
734 0
743 0
752 0
761 0
770 0
779 0
788 0
797 0
806 0
815 0
824 0
833 0
842 0
851 0
860 0
869 0
878 0
887 0
896 0
905 0
914 0
923 0
932 0
941 0
950 0
959 0
968 0
977 0
986 0
995 0
1004 0
1013 0
1022 0
1031 0
1040 0
1049 0
1058 0
1067 0
1076 0
1085 0
1094 0
1103 0
1112 0
1121 0
1130 0
1139 0
1148 0
1157 0
1166 0
1175 0
1184 0
1193 0
1202 0
1211 0
1220 0
1229 0
1238 0
1247 0
1256 0
1265 0
1274 0
1283 0
1292 0
1301 0
1310 0
1319 0
1328 0
1337 0
1346 0
1355 0
1364 0
1373 0
1382 0
1391 0
1400 0
1409 0
1418 0
1427 0
1436 0
1445 0
1454 0
1463 3
1472 e5
1481 4b
1490 5a
1499 d7
1508 9a
1517 49
1526 aa
1535 c6
1544 80
1553 c5
1562 a6
1571 1b
1580 7
1589 da
1598 71
1607 35
1616 cf
1625 54
1634 93
1643 7
1652 a9
1661 c4
1670 8a
1679 d0
1688 17
1697 d6
1706 e5
1715 12
1724 86
1733 f5
1742 86
1751 ba
1760 1a
1769 36
1778 b6
1787 61
1788 73
1789 64
1790 66
1791 67
