0 1
2 1a4
3 20
4 44
5 98
14 11
23 e7
32 2c
41 f
50 da
59 30
68 47
77 6f
86 35
95 a7
104 df
113 43
122 ac
131 22
140 c3
149 e2
158 4c
167 d7
176 c2
185 c3
194 58
203 60
212 c6
221 8
230 1
239 ef
248 61
257 c4
266 f8
275 c4
284 1b
293 43
302 1d
311 83
320 51
329 d
338 54
347 bb
356 89
365 c7
374 b7
383 13
392 4
401 81
410 7b
419 e5
428 b8
437 3f
446 7e
455 35
464 69
473 60
482 84
491 4f
500 40
509 f6
518 13
527 fd
536 4
545 7
554 b1
563 ad
572 95
581 b9
590 42
599 c1
608 a3
617 fb
626 ca
635 6f
644 15
653 98
662 74
671 ff
680 6b
689 88
698 29
707 0
716 ae
725 c2
734 c2
743 97
752 c4
761 b6
770 c4
779 7f
788 13
797 a1
806 a4
815 38
824 1c
833 5f
842 9f
851 6f
860 94
869 94
878 71
887 3a
896 b2
905 0
914 0
923 0
932 0
941 0
950 0
959 0
968 0
977 0
986 0
995 0
1004 0
1013 0
1022 0
1031 0
1040 0
1049 0
1058 0
1067 0
1076 0
1085 0
1094 0
1103 0
1112 0
1121 0
1130 0
1139 0
1148 0
1157 0
1166 0
1175 0
1184 0
1193 0
1202 0
1211 0
1220 0
1229 0
1238 0
1247 0
1256 0
1265 0
1274 0
1283 0
1292 0
1301 0
1310 0
1319 0
1328 0
1337 0
1346 0
1355 0
1364 0
1373 0
1382 0
1391 0
1400 0
1409 0
1418 0
1427 0
1436 0
