0 1
2 612
19 108
20 2e
21 98
30 11
39 e7
48 2c
57 f
66 da
75 30
84 47
93 6f
102 35
111 a7
120 df
129 43
138 ac
147 22
156 c3
165 e2
174 4c
183 d7
192 c2
201 c3
210 58
219 60
228 c6
237 8
246 1
255 ef
264 61
273 c4
282 f8
291 c4
300 1b
309 43
318 43
327 8b
336 df
345 30
354 90
363 94
372 da
381 13
390 49
399 e1
408 5c
417 78
426 c7
435 cc
444 7d
453 f6
462 58
471 7e
480 eb
489 81
498 c3
507 10
516 1a
525 23
534 18
543 76
552 7
561 37
570 6f
579 ca
588 23
597 e5
606 8c
615 6c
624 5e
633 9
642 fd
651 ed
660 5f
669 bb
678 a0
687 40
696 19
705 ec
714 d2
723 0
732 0
741 0
750 0
759 0
768 0
777 0
786 0
795 0
804 0
813 0
822 0
831 0
840 0
849 0
858 0
867 0
876 0
885 0
894 0
903 0
912 0
921 0
930 0
939 0
948 0
957 0
966 0
975 0
984 0
993 0
1002 0
1011 0
1020 0
1029 0
1038 0
1047 0
1056 0
1065 0
1074 0
1083 0
1092 0
1101 0
1110 0
1119 0
1128 0
1137 0
1146 0
1155 0
1164 0
1173 0
1182 0
1191 0
1200 0
1209 0
1218 0
1227 0
1236 0
1245 0
1254 0
1263 0
1272 0
1281 0
1290 0
1299 0
1308 0
1317 0
1326 0
1335 0
1344 0
1353 0
1362 0
1371 0
1380 0
1389 0
1398 0
1407 0
1416 0
1425 0
1434 0
1443 0
1452 0
1461 2a
1470 18
1479 51
1488 f3
1497 20
1506 9d
1515 40
1524 a3
1533 34
1542 96
1551 f3
1560 8b
1569 d3
1578 3d
1587 31
1596 40
1605 c6
1614 41
1623 b6
1632 67
1641 91
1650 2
1659 23
1668 a8
1677 5b
1686 1b
1695 3f
1704 c0
1713 19
1722 30
1731 12
1740 cb
1749 91
1758 a2
1767 d4
1776 bf
