0 1
2 6e8
19 108
20 4
21 7
22 297ca9c14951fbaad217dc76566893385ae3ed90b54baf41c6ba205e35a0b646
23 e3
32 bf
41 a4
50 1
59 a4
68 40
77 ed
86 41
95 f
104 3b
113 d0
122 b2
131 5e
140 1f
149 b7
158 92
167 9f
176 37
185 6b
194 74
203 bb
212 39
221 5
230 2b
239 43
248 1d
257 93
266 a9
275 b7
284 f2
293 cb
302 99
311 cf
320 a3
329 2f
338 d4
347 0
356 0
365 0
374 0
383 0
392 0
401 0
410 0
419 0
428 0
437 0
446 0
455 0
464 0
473 0
482 0
491 0
500 0
509 0
518 0
527 0
536 0
545 0
554 0
563 0
572 0
581 0
590 0
599 0
608 0
617 0
626 0
635 0
644 0
653 0
662 0
671 0
680 0
689 0
698 0
707 0
716 0
725 0
734 0
743 0
752 0
761 0
770 0
779 0
788 0
797 0
806 0
815 0
824 0
833 0
842 0
851 0
860 0
869 0
878 0
887 0
896 0
905 0
914 0
923 0
932 0
941 0
950 0
959 0
968 0
977 0
986 0
995 0
1004 0
1013 0
1022 0
1031 0
1040 0
1049 0
1058 0
1067 0
1076 0
1085 0
1094 0
1103 0
1112 0
1121 0
1130 0
1139 0
1148 0
1157 0
1166 0
1175 0
1184 0
1193 0
1202 0
1211 0
1220 0
1229 0
1238 0
1247 0
1256 0
1265 0
1274 0
1283 0
1292 0
1301 0
1310 0
1319 0
1328 0
1337 0
1346 0
1355 0
1364 0
1373 0
1382 0
1391 0
1400 0
1409 0
1418 0
1427 0
1436 0
1445 0
1454 0
1463 86
1472 18
1481 1e
1490 b4
1499 c8
1508 95
1517 dd
1526 89
1535 e0
1544 23
1553 bf
1562 41
1571 ab
1580 54
1589 e1
1598 c4
1607 3d
1616 77
1625 d4
1634 28
1643 b0
1652 99
1661 6a
1670 46
1679 28
1688 27
1697 62
1706 5e
1715 12
1724 3b
1733 1c
1742 dd
1751 b
1760 3b
1769 89
1778 30
1787 61
1788 73
1789 64
1790 66
1791 67
1792 68
