0 1
2 6e8
19 108
20 4
21 9
22 77
31 25
40 d9
49 0
58 54
67 60
76 c3
85 5b
94 8e
103 d5
112 cc
121 27
130 b2
139 e5
148 93
157 16
166 dd
175 7
184 9b
193 c7
202 a
211 3a
220 b0
229 8
238 13
247 39
256 22
265 8c
274 3d
283 de
292 40
301 21
310 d8
319 9a
328 bf
337 4a
346 0
355 0
364 0
373 0
382 0
391 0
400 0
409 0
418 0
427 0
436 0
445 0
454 0
463 0
472 0
481 0
490 0
499 0
508 0
517 0
526 0
535 0
544 0
553 0
562 0
571 0
580 0
589 0
598 0
607 0
616 0
625 0
634 0
643 0
652 0
661 0
670 0
679 0
688 0
697 0
706 0
715 0
724 0
733 0
742 0
751 0
760 0
769 0
778 0
787 0
796 0
805 0
814 0
823 0
832 0
841 0
850 0
859 0
868 0
877 0
886 0
895 0
904 0
913 0
922 0
931 0
940 0
949 0
958 0
967 0
976 0
985 0
994 0
1003 0
1012 0
1021 0
1030 0
1039 0
1048 0
1057 0
1066 0
1075 0
1084 0
1093 0
1102 0
1111 0
1120 0
1129 0
1138 0
1147 0
1156 0
1165 0
1174 0
1183 0
1192 0
1201 0
1210 0
1219 0
1228 0
1237 0
1246 0
1255 0
1264 0
1273 0
1282 0
1291 0
1300 0
1309 0
1318 0
1327 0
1336 0
1345 0
1354 0
1363 0
1372 0
1381 0
1390 0
1399 0
1408 0
1417 0
1426 0
1435 0
1444 0
1453 0
1462 9
1471 43
1480 6b
1489 ab
1498 e0
1507 9a
1516 c6
1525 81
1534 3d
1543 b0
1552 8
1561 70
1570 d6
1579 81
1588 57
1597 2f
1606 20
1615 44
1624 17
1633 d5
1642 a6
1651 be
1660 ff
1669 80
1678 3b
1687 7c
1696 75
1705 6a
1714 23
1723 1
1732 2f
1741 fe
1750 47
1759 cc
1768 ff
1777 1c
1786 2f
1787 66
1788 75
1789 6e
1790 63
1791 74
1792 69
1793 6f
1794 6e
1795 d
1796 a
1797 0
1798 0
1799 0
1800 0
1801 0
1802 0
1803 0
1804 0
1805 0
