[
    [
        40.357888,
        0.10044455528259277
    ],
    [
        302.85824,
        1.1055514812469482
    ],
    [
        302.870528,
        2.1106770038604736
    ],
    [
        302.874624,
        3.115947961807251
    ],
    [
        302.895104,
        4.121074676513672
    ],
    [
        302.8992,
        5.126188278198242
    ],
    [
        302.903296,
        6.131354808807373
    ],
    [
        302.907392,
        7.136542558670044
    ],
    [
        446.60736,
        8.144514799118042
    ],
    [
        633.561088,
        9.156173467636108
    ],
    [
        718.286848,
        10.169211149215698
    ],
    [
        872.558592,
        11.184401273727417
    ],
    [
        1134.477312,
        12.204217910766602
    ],
    [
        1391.587328,
        13.228240728378296
    ],
    [
        1584.98816,
        14.255133867263794
    ],
    [
        1668.75136,
        15.282844543457031
    ],
    [
        1751.810048,
        16.311074018478394
    ],
    [
        1835.29472,
        17.340123891830444
    ],
    [
        1916.964864,
        18.368175983428955
    ],
    [
        1998.790656,
        19.397312879562378
    ],
    [
        2122.268672,
        20.44086480140686
    ],
    [
        2214.531072,
        21.473480224609375
    ],
    [
        2369.507328,
        22.505443811416626
    ],
    [
        2628.227072,
        23.538900136947632
    ],
    [
        2900.197376,
        24.578745365142822
    ],
    [
        3355.512832,
        25.61800217628479
    ],
    [
        3580.25216,
        26.67626690864563
    ],
    [
        4350.476288,
        27.72411608695984
    ],
    [
        4811.096064,
        28.772305250167847
    ],
    [
        4920.5248,
        29.820167779922485
    ],
    [
        4920.5248,
        30.86848759651184
    ],
    [
        4920.5248,
        31.917156219482422
    ],
    [
        4920.5248,
        32.96721172332764
    ],
    [
        5165.215744,
        34.0251042842865
    ],
    [
        5265.87904,
        35.082910776138306
    ],
    [
        5379.125248,
        36.13919758796692
    ],
    [
        5546.983424,
        37.198681592941284
    ],
    [
        5546.983424,
        38.2551589012146
    ],
    [
        5546.983424,
        39.32331109046936
    ],
    [
        5546.983424,
        40.382633209228516
    ],
    [
        5546.983424,
        41.445751428604126
    ],
    [
        5546.983424,
        42.50611853599548
    ],
    [
        5546.983424,
        43.56458020210266
    ],
    [
        5546.983424,
        44.627357721328735
    ],
    [
        5546.983424,
        45.69106960296631
    ],
    [
        5546.983424,
        46.75510025024414
    ],
    [
        5546.983424,
        47.81884169578552
    ],
    [
        5546.983424,
        48.882596492767334
    ],
    [
        5553.246208,
        49.945621728897095
    ],
    [
        5563.826176,
        51.004666566848755
    ],
    [
        5574.414336,
        52.067843198776245
    ],
    [
        5585.010688,
        53.13153529167175
    ],
    [
        5595.541504,
        54.193018674850464
    ],
    [
        5606.117376,
        55.2565541267395
    ],
    [
        5616.689152,
        56.319581270217896
    ],
    [
        5627.314176,
        57.382867097854614
    ],
    [
        5637.914624,
        58.44721221923828
    ],
    [
        5648.46592,
        59.50421404838562
    ],
    [
        5658.099712,
        60.568052530288696
    ],
    [
        5668.70016,
        61.63271760940552
    ],
    [
        5679.296512,
        62.69023871421814
    ],
    [
        5689.430016,
        63.74772357940674
    ],
    [
        5699.997696,
        64.8056206703186
    ],
    [
        5710.606336,
        65.86733317375183
    ],
    [
        5721.157632,
        66.92599391937256
    ],
    [
        5731.725312,
        67.9854805469513
    ],
    [
        5742.301184,
        69.04363512992859
    ],
    [
        5752.889344,
        70.10211944580078
    ],
    [
        5957.640192,
        71.16261672973633
    ],
    [
        5957.640192,
        72.22277927398682
    ],
    [
        5957.640192,
        73.29121947288513
    ],
    [
        5957.640192,
        74.36106300354004
    ],
    [
        5957.640192,
        75.43087339401245
    ],
    [
        5957.640192,
        76.50079822540283
    ],
    [
        5957.640192,
        77.57109713554382
    ],
    [
        5957.640192,
        78.64097714424133
    ],
    [
        5957.640192,
        79.70686888694763
    ],
    [
        5957.640192,
        80.77674794197083
    ],
    [
        5957.640192,
        81.84714889526367
    ],
    [
        5957.640192,
        82.92175912857056
    ],
    [
        5957.640192,
        83.98418140411377
    ],
    [
        5957.640192,
        85.04762315750122
    ],
    [
        5957.640192,
        86.11027455329895
    ],
    [
        5957.640192,
        87.1737539768219
    ],
    [
        5957.640192,
        88.23670077323914
    ],
    [
        6117.285888,
        89.31264185905457
    ],
    [
        6125.256704,
        90.38665986061096
    ],
    [
        6125.256704,
        91.45324158668518
    ],
    [
        6125.256704,
        92.51690649986267
    ],
    [
        6125.256704,
        93.58148312568665
    ],
    [
        6125.09696,
        94.65430450439453
    ],
    [
        6125.09696,
        95.72706627845764
    ],
    [
        6125.09696,
        96.7994818687439
    ],
    [
        6125.09696,
        97.8677122592926
    ],
    [
        6125.09696,
        98.9390504360199
    ],
    [
        6125.09696,
        100.00886940956116
    ],
    [
        6125.09696,
        101.10059762001038
    ],
    [
        6125.09696,
        102.16574811935425
    ],
    [
        6125.09696,
        103.23831224441528
    ],
    [
        6125.09696,
        104.30562353134155
    ],
    [
        5444.169728,
        105.36284637451172
    ],
    [
        5444.169728,
        106.41587400436401
    ],
    [
        5444.169728,
        107.4690272808075
    ],
    [
        5444.169728,
        108.52680492401123
    ],
    [
        5444.169728,
        109.58066463470459
    ],
    [
        5444.169728,
        110.63499283790588
    ],
    [
        5444.169728,
        111.69000720977783
    ],
    [
        5444.169728,
        112.74449872970581
    ],
    [
        5444.169728,
        113.79922842979431
    ],
    [
        5444.169728,
        114.85605645179749
    ],
    [
        5444.169728,
        115.90974402427673
    ],
    [
        5444.169728,
        116.96315813064575
    ],
    [
        5444.165632,
        118.01693868637085
    ],
    [
        5444.165632,
        119.07173347473145
    ],
    [
        5444.165632,
        120.13027095794678
    ],
    [
        5444.165632,
        121.185959815979
    ],
    [
        5379.678208,
        122.24508237838745
    ],
    [
        5354.553344,
        123.31701683998108
    ],
    [
        4413.165568,
        124.39664959907532
    ],
    [
        3817.181184,
        125.44978380203247
    ],
    [
        3817.181184,
        126.52042317390442
    ]
]