[
    [
        0.229376,
        0.003020763397216797
    ],
    [
        618.643456,
        1.0079615116119385
    ],
    [
        623.59552,
        2.0127956867218018
    ],
    [
        626.663424,
        3.020470142364502
    ],
    [
        720.564224,
        4.0300374031066895
    ],
    [
        1070.030848,
        5.042944431304932
    ],
    [
        1390.85824,
        6.0531511306762695
    ],
    [
        1773.256704,
        7.079638242721558
    ],
    [
        1787.633664,
        8.097954034805298
    ],
    [
        1960.89856,
        9.116553783416748
    ],
    [
        2043.879424,
        10.133727550506592
    ],
    [
        2048.016384,
        11.146272897720337
    ],
    [
        2048.036864,
        12.164953708648682
    ],
    [
        2121.723904,
        13.178126096725464
    ],
    [
        2121.728,
        14.195688724517822
    ]
]